array_0
7, 0, 1, 24, 38, 17, 3, 2, 12, 37
array_1
26, 4, 14, 42, 25, 29
array_2
40, 27, 35, 21, 5, 10, 31, 23, 28, 9, 8, 54
array_3
61, 49, 27, 35, 21, 5, 10, 31, 23, 28, 9, 8, 54
array_4
6, 24, 33, 19, 16, 18, 22, 41, 34, 11, 15, 47, 52, 30, 20, 32, 58, 39, 43
array_5
62, 36, 45
array_6
6, 24, 38, 17
array_7
51, 46, 79
array_8
60, 56, 68, 76, 83
array_9
61, 49, 27, 57, 48, 55, 73, 78, 77, 85, 50, 53, 107, 63, 64, 144
array_10
67, 70, 92
array_11
88, 86, 80, 75, 72, 81
array_12
105, 84, 90, 103, 66
array_13
59, 82, 93, 95, 132
array_14
59, 82, 93, 95, 159
array_15
59, 82, 127
array_16
115, 94, 97, 98, 129
array_17
147, 110, 104, 100, 101, 87, 94, 97, 98, 129
array_18
115, 94, 97, 67, 89, 125, 101, 109
array_19
147, 110, 104, 100, 101, 109
array_20
115, 94, 97, 67, 89, 100, 101, 109
array_21
139, 124, 104, 100, 101, 87, 94, 97, 98, 129
array_22
115, 94, 97, 67, 89, 135
array_23
139, 124, 104, 100, 101, 109
array_24
153, 87, 106, 100, 101, 109
array_25
147, 110, 104, 100, 101, 87, 94, 97, 67, 89, 125
array_26
147, 110, 104, 100, 101, 87, 94, 97, 67, 89, 135
array_27
111, 95, 132
array_28
139, 124, 104, 100, 101, 87, 94, 97, 67, 89, 125
array_29
115, 94, 97, 67, 89, 100, 155
array_30
139, 124, 104, 100, 101, 87, 94, 97, 67, 89, 135
array_31
115, 94, 97, 67, 89, 100, 101, 87, 106
array_32
147, 110, 104, 100, 101, 87, 67, 89, 125
array_33
147, 110, 104, 100, 101, 87, 67, 89, 135
array_34
128, 92, 70, 116, 110, 104, 100, 101, 87, 94, 97, 98, 129
array_35
147, 110, 104, 100, 155
array_36
147, 110, 104, 100, 101, 87, 106
array_37
139, 124, 104, 100, 101, 87, 67, 89, 125
array_38
139, 124, 104, 100, 101, 87, 67, 89, 135
array_39
115, 94, 97, 67, 89, 125, 101, 87, 106, 100, 155
array_40
128, 92, 70, 116, 110, 104, 100, 101, 87, 94, 97, 67, 89, 125
array_41
128, 92, 70, 116, 110, 104, 100, 101, 87, 94, 97, 67, 89, 135
array_42
128, 92, 70, 116, 110, 104, 100, 101, 109
array_43
139, 124, 104, 100, 101, 87, 106
array_44
147, 110, 104, 100, 101, 87, 94, 97, 67, 130, 140
array_45
139, 124, 104, 100, 155
array_46
153, 87, 106, 100, 155
array_47
128, 92, 70, 116, 110, 104, 100, 101, 87, 67, 89, 125
array_48
128, 92, 70, 116, 110, 104, 100, 101, 87, 67, 89, 135
array_49
162, 82, 127
array_50
139, 124, 104, 100, 101, 87, 94, 97, 67, 130, 140
array_51
128, 92, 70, 116, 110, 104, 100, 101, 87, 106
array_52
128, 92, 70, 116, 110, 104, 100, 101, 87, 94, 97, 67, 130, 140
array_53
128, 92, 70, 116, 110, 104, 100, 155
array_54
147, 110, 104, 100, 101, 87, 67, 130, 140
array_55
111, 95, 159
array_56
165, 112, 117, 108, 131
array_57
139, 124, 104, 100, 101, 87, 67, 130, 140
array_58
115, 94, 97, 67, 130, 140
array_59
27, 123, 26
array_60
128, 92, 70, 116, 110, 104, 100, 101, 87, 67, 130, 140
array_61
141, 113, 138
array_62
153, 87, 67, 130, 140
array_63
165, 112, 117, 108, 148
array_64
89, 125, 101, 87, 67, 130, 140
array_65
89, 100, 101, 87, 67, 130, 140
array_66
161, 120, 134
array_67
163, 136, 156
array_68
128, 92, 70, 116, 113, 138
array_69
106, 100, 101, 87, 67, 130, 140
array_70
169, 126, 120, 134
array_71
162, 82, 149
array_72
162, 82, 119
array_73
142, 67, 130, 140