array_0
17, 14, 8, 1, 0, 4
array_1
11, 2, 3, 6, 9, 18
array_2
23, 5, 7, 31
array_3
24, 10, 41
array_4
30, 16, 38, 83
array_5
82, 19, 21, 36, 15, 33
array_6
55, 22, 20, 43
array_7
69, 25, 28, 32, 29, 59
array_8
71, 45, 88
array_9
146, 63, 39, 77
array_10
102, 49, 92
array_11
153, 91, 50, 27, 87
array_12
93, 54, 11
array_13
137, 57, 40, 46, 111
array_14
164, 121, 94, 37, 34, 62, 13, 12, 101, 149
array_15
122, 108, 89, 35, 51
array_16
164, 121, 94, 37, 34, 62, 13, 12, 114, 171
array_17
164, 121, 94, 37, 34, 62, 13, 12, 100, 184, 216
array_18
78, 56, 97, 79, 76, 149
array_19
148, 104, 85, 65, 80, 67, 53, 52, 60, 145
array_20
164, 121, 94, 37, 34, 48, 74, 125, 165
array_21
164, 121, 94, 37, 34, 62, 73, 84, 90, 106, 130, 214
array_22
119, 66, 141
array_23
58, 66, 141
array_24
126, 117, 138
array_25
169, 110, 162, 118, 105, 62, 73, 84, 90, 106, 130, 214
array_26
61, 113, 5
array_27
139, 103, 114, 171
array_28
164, 121, 94, 37, 34, 62, 13, 203, 205, 152, 159, 88
array_29
169, 110, 162, 118, 105, 62, 13, 37, 95, 40, 46, 111, 164, 121, 94
array_30
164, 121, 94, 37, 34, 62, 13, 203, 205, 152, 228, 172, 161, 189, 201, 253
array_31
170, 136, 132, 154
array_32
169, 110, 144, 197
array_33
169, 110, 162, 118, 105, 62, 13, 37, 95, 109, 178
array_34
196, 135, 70
array_35
123, 155, 174
array_36
169, 110, 162, 118, 105, 62, 13, 203, 205, 152, 159, 88
array_37
196, 135, 31, 134, 207, 269
array_38
169, 110, 162, 118, 105, 62, 13, 37, 95, 100, 184, 216
array_39
187, 95, 13
array_40
169, 110, 162, 118, 105, 62, 13, 203, 205, 152, 228, 172, 161, 189, 201, 253
array_41
194, 177, 175, 195
array_42
51, 160, 157, 209, 241, 176, 152, 159, 88
array_43
128, 27, 91
array_44
51, 160, 157, 209, 241, 176, 152, 228, 172, 161, 189, 201, 253
array_45
119, 27, 91
array_46
66, 133, 37, 95, 13, 203, 205, 152, 159, 88
array_47
103, 13, 203, 205, 152, 159, 88
array_48
49, 13, 203, 205, 152, 159, 88
array_49
80, 19, 13, 203, 205, 152, 159, 88
array_50
31, 13, 203, 205, 152, 159, 88
array_51
66, 133, 37, 95, 13, 203, 205, 152, 228, 172, 161, 189, 201, 253
array_52
218, 53, 19, 13, 203, 205, 152, 159, 88
array_53
250, 182, 19, 13, 203, 205, 152, 159, 88
array_54
80, 19, 53, 13, 203, 205, 152, 159, 88
array_55
218, 53, 13, 203, 205, 152, 159, 88
array_56
80, 19, 13, 203, 205, 152, 228, 172, 161, 189, 201, 253
array_57
226, 199, 225
array_58
250, 182, 19, 53, 13, 203, 205, 152, 159, 88
array_59
218, 53, 19, 13, 203, 205, 152, 228, 172, 161, 189, 201, 253
array_60
250, 182, 19, 13, 203, 205, 152, 228, 172, 161, 189, 201, 253
array_61
34, 62, 13, 37, 95, 100, 184, 216
array_62
76, 57, 5
array_63
191, 181, 200, 223, 151
array_64
80, 19, 12, 100, 184, 216
array_65
66, 133, 37, 95, 100, 184, 216
array_66
127, 12, 100, 184, 216
array_67
165, 74, 15
array_68
165, 74, 40
array_69
80, 19, 13, 37, 95, 100, 184, 216
array_70
34, 62, 13, 37, 95, 40
array_71
103, 13, 37, 95, 100, 184, 216
array_72
80, 19, 53, 12, 100, 184, 216
array_73
218, 53, 19, 12, 100, 184, 216
array_74
250, 182, 19, 12, 100, 184, 216
array_75
49, 13, 37, 95, 100, 184, 216
array_76
218, 53, 19, 13, 37, 95, 100, 184, 216
array_77
250, 182, 19, 13, 37, 95, 100, 184, 216
array_78
66, 133, 37, 95, 40
array_79
80, 19, 53, 13, 37, 95, 100, 184, 216
array_80
218, 53, 12, 100, 184, 216
array_81
103, 13, 203, 205, 152, 228, 172
array_82
31, 13, 37, 95, 100, 184, 216
array_83
250, 182, 19, 53, 12, 100, 184, 216
array_84
49, 13, 203, 205, 152, 228, 172
array_85
80, 19, 53, 218
array_86
80, 19, 13, 37, 95, 40
array_87
218, 53, 13, 37, 95, 100, 184, 216
array_88
250, 182, 19, 53, 13, 37, 95, 100, 184, 216
array_89
80, 19, 53, 13, 203, 205, 152, 228, 172
array_90
80, 19, 12, 114
array_91
80, 19, 53, 208, 245
array_92
31, 13, 203, 205, 152, 228, 172
array_93
60, 180, 173
array_94
250, 182, 19, 53, 13, 203, 205, 152, 228, 172
array_95
103, 13, 37, 95, 40
array_96
218, 53, 13, 203, 205, 152, 228, 172
array_97
218, 53, 19, 13, 37, 95, 40
array_98
250, 182, 19, 13, 37, 95, 40
array_99
80, 19, 53, 13, 37, 95, 40
array_100
250, 182, 19, 53, 218
array_101
80, 19, 173
array_102
49, 13, 37, 95, 40
array_103
80, 19, 53, 12, 114
array_104
218, 53, 19, 12, 114
array_105
250, 182, 19, 53, 208, 245
array_106
250, 182, 19, 12, 114
array_107
265, 208, 245
array_108
250, 182, 19, 53, 13, 37, 95, 40
array_109
250, 182, 19, 53, 12, 114
array_110
218, 53, 208, 245
array_111
249, 211, 187
array_112
31, 13, 37, 95, 40
array_113
218, 53, 13, 37, 95, 40
array_114
127, 12, 114
array_115
218, 53, 19, 173
array_116
250, 182, 19, 173
array_117
84, 101, 149
array_118
218, 53, 12, 114