array_0
2313, 992, 4045, 7580, 6080
array_1
3023, 4513, 2619, 2624, 2280
array_2
2286, 3553, 1536
array_3
2185, 1437
array_4
2017, 916, 927
array_5
829, 1591, 923, 967, 2003
array_6
1075, 1283, 1407
array_7
1142, 1034, 999, 970, 1057
array_8
812, 756
array_9
345, 846, 1006
array_10
645, 687
array_11
358, 385, 932, 912
array_12
759, 530
array_13
381, 726, 923, 512
array_14
190, 253, 563, 1184, 102, 57, 2722, 574, 26
array_15
378, 258, 563, 1270
array_16
190, 253, 563, 1184, 102, 57, 2722, 33, 193
array_17
190, 253, 563, 1184, 102, 57, 2722, 43, 87, 64
array_18
885, 397, 291, 721, 270
array_19
291, 304, 675, 454, 486, 665, 510, 867, 321
array_20
190, 253, 563, 1184, 707, 600, 244, 166
array_21
190, 253, 563, 1184, 102, 762, 311, 574, 283, 321, 90
array_22
355, 352
array_23
300, 352
array_24
348, 295
array_25
220, 105, 131, 379, 219, 762, 311, 574, 283, 321, 90
array_26
234, 274
array_27
283, 279, 193
array_28
190, 253, 563, 1184, 102, 57, 39, 51, 56, 133, 133
array_29
220, 105, 131, 379, 219, 57, 29, 59, 26, 923, 512, 55, 190, 253
array_30
190, 253, 563, 1184, 102, 57, 39, 51, 56, 56, 38, 161, 86, 64, 48
array_31
175, 192, 218
array_32
220, 219, 114
array_33
220, 105, 131, 379, 219, 57, 29, 59, 362, 192
array_34
130, 158
array_35
100, 177
array_36
220, 105, 131, 379, 219, 57, 39, 51, 56, 133, 133
array_37
130, 88, 315, 68, 35
array_38
220, 105, 131, 379, 219, 57, 29, 59, 30, 87, 64
array_39
106, 130
array_40
220, 105, 131, 379, 219, 57, 39, 51, 56, 56, 38, 161, 86, 64, 48
array_41
116, 82, 119
array_42
83, 185, 55, 57, 25, 173, 133, 133
array_43
122, 52
array_44
83, 185, 55, 57, 25, 173, 56, 38, 161, 86, 64, 48
array_45
115, 52
array_46
79, 39, 59, 130, 39, 51, 56, 133, 133
array_47
58, 39, 51, 56, 133, 133
array_48
48, 39, 51, 56, 133, 133
array_49
56, 65, 39, 51, 56, 133, 133
array_50
28, 39, 51, 56, 133, 133
array_51
79, 39, 59, 130, 39, 51, 56, 56, 38, 161, 86, 64, 48
array_52
31, 47, 65, 39, 51, 56, 133, 133
array_53
51, 26, 65, 39, 51, 56, 133, 133
array_54
56, 48, 29, 39, 51, 56, 133, 133
array_55
31, 29, 39, 51, 56, 133, 133
array_56
56, 65, 39, 51, 56, 56, 38, 161, 86, 64, 48
array_57
70, 59
array_58
51, 26, 48, 29, 39, 51, 56, 133, 133
array_59
31, 47, 65, 39, 51, 56, 56, 38, 161, 86, 64, 48
array_60
51, 26, 65, 39, 51, 56, 56, 38, 161, 86, 64, 48
array_61
102, 57, 29, 59, 30, 87, 64
array_62
50, 71
array_63
83, 81, 42, 36
array_64
56, 50, 43, 87, 64
array_65
79, 39, 59, 30, 87, 64
array_66
36, 43, 87, 64
array_67
58, 56
array_68
58, 56
array_69
56, 65, 29, 59, 30, 87, 64
array_70
102, 57, 29, 59, 26
array_71
58, 29, 59, 30, 87, 64
array_72
56, 48, 25, 43, 87, 64
array_73
31, 47, 50, 43, 87, 64
array_74
51, 26, 50, 43, 87, 64
array_75
48, 29, 59, 30, 87, 64
array_76
31, 47, 65, 29, 59, 30, 87, 64
array_77
51, 26, 65, 29, 59, 30, 87, 64
array_78
79, 39, 59, 26
array_79
56, 48, 29, 29, 59, 30, 87, 64
array_80
31, 25, 43, 87, 64
array_81
58, 39, 51, 56, 56, 38
array_82
28, 29, 59, 30, 87, 64
array_83
51, 26, 48, 25, 43, 87, 64
array_84
48, 39, 51, 56, 56, 38
array_85
56, 48, 39
array_86
56, 65, 29, 59, 26
array_87
31, 29, 29, 59, 30, 87, 64
array_88
51, 26, 48, 29, 29, 59, 30, 87, 64
array_89
56, 48, 29, 39, 51, 56, 56, 38
array_90
56, 50, 33
array_91
56, 48, 25, 51
array_92
28, 39, 51, 56, 56, 38
array_93
32, 56
array_94
51, 26, 48, 29, 39, 51, 56, 56, 38
array_95
58, 29, 59, 26
array_96
31, 29, 39, 51, 56, 56, 38
array_97
31, 47, 65, 29, 59, 26
array_98
51, 26, 65, 29, 59, 26
array_99
56, 48, 29, 29, 59, 26
array_100
51, 26, 48, 39
array_101
56, 25
array_102
48, 29, 59, 26
array_103
56, 48, 25, 33
array_104
31, 47, 50, 33
array_105
51, 26, 48, 25, 51
array_106
51, 26, 50, 33
array_107
26, 51
array_108
51, 26, 48, 29, 29, 59, 26
array_109
51, 26, 48, 25, 33
array_110
31, 25, 51
array_111
38, 33
array_112
28, 29, 59, 26
array_113
31, 29, 29, 59, 26
array_114
36, 33
array_115
31, 47, 25
array_116
51, 26, 25
array_117
38, 26
array_118
31, 25, 33