array_0
1779, 2198, 708, 321, 303, 1236, 1458, 1379, 645
array_1
950, 1662, 349, 150, 816
array_2
588, 276, 416, 690, 1856, 294, 496, 563, 294, 1907, 312
array_3
249, 89, 276, 416, 690, 1856, 294, 496, 563, 294, 1907, 312
array_4
292, 164, 628, 772, 809, 678, 419, 159, 626, 1501, 200, 208, 116, 696, 630, 167, 114, 494
array_5
224, 464
array_6
292, 321, 303
array_7
274, 143
array_8
196, 108, 88, 79
array_9
249, 89, 64, 223, 167, 145, 39, 112, 43, 45, 297, 23, 12, 224, 9
array_10
120, 49
array_11
60, 22, 97, 76, 113
array_12
39, 53, 25, 24
array_13
33, 48, 17, 16
array_14
33, 48, 17, 6
array_15
33, 16
array_16
18, 8, 42, 13
array_17
10, 15, 24, 5, 5, 34, 8, 42, 13
array_18
18, 8, 7, 39, 9, 9, 31
array_19
10, 15, 24, 5, 31
array_20
18, 8, 7, 39, 11, 5, 31
array_21
11, 7, 24, 5, 5, 34, 8, 42, 13
array_22
18, 8, 7, 39, 8
array_23
11, 7, 24, 5, 31
array_24
9, 23, 10, 5, 31
array_25
10, 15, 24, 5, 5, 34, 8, 7, 39, 9
array_26
10, 15, 24, 5, 5, 34, 8, 7, 39, 8
array_27
14, 16
array_28
11, 7, 24, 5, 5, 34, 8, 7, 39, 9
array_29
18, 8, 7, 39, 11, 6
array_30
11, 7, 24, 5, 5, 34, 8, 7, 39, 8
array_31
18, 8, 7, 39, 11, 5, 5, 23
array_32
10, 15, 24, 5, 5, 9, 39, 9
array_33
10, 15, 24, 5, 5, 9, 39, 8
array_34
6, 9, 6, 5, 15, 24, 5, 5, 34, 8, 42, 13
array_35
10, 15, 24, 6
array_36
10, 15, 24, 5, 5, 23
array_37
11, 7, 24, 5, 5, 9, 39, 9
array_38
11, 7, 24, 5, 5, 9, 39, 8
array_39
18, 8, 7, 39, 9, 9, 5, 23, 10, 6
array_40
6, 9, 6, 5, 15, 24, 5, 5, 34, 8, 7, 39, 9
array_41
6, 9, 6, 5, 15, 24, 5, 5, 34, 8, 7, 39, 8
array_42
6, 9, 6, 5, 15, 24, 5, 31
array_43
11, 7, 24, 5, 5, 23
array_44
10, 15, 24, 5, 5, 34, 8, 7, 5, 8
array_45
11, 7, 24, 6
array_46
9, 23, 10, 6
array_47
6, 9, 6, 5, 15, 24, 5, 5, 9, 39, 9
array_48
6, 9, 6, 5, 15, 24, 5, 5, 9, 39, 8
array_49
7, 16
array_50
11, 7, 24, 5, 5, 34, 8, 7, 5, 8
array_51
6, 9, 6, 5, 15, 24, 5, 5, 23
array_52
6, 9, 6, 5, 15, 24, 5, 5, 34, 8, 7, 5, 8
array_53
6, 9, 6, 5, 15, 24, 6
array_54
10, 15, 24, 5, 5, 9, 5, 8
array_55
14, 6
array_56
7, 11, 8, 12
array_57
11, 7, 24, 5, 5, 9, 5, 8
array_58
18, 8, 7, 5, 8
array_59
7, 11
array_60
6, 9, 6, 5, 15, 24, 5, 5, 9, 5, 8
array_61
10, 6
array_62
9, 9, 5, 8
array_63
7, 11, 8, 5
array_64
9, 9, 5, 9, 5, 8
array_65
11, 5, 5, 9, 5, 8
array_66
6, 8
array_67
6, 8
array_68
6, 9, 6, 8, 6
array_69
10, 5, 5, 9, 5, 8
array_70
6, 6, 8
array_71
7, 6
array_72
7, 5
array_73
5, 5, 8